
======================================================
THEORY - DATA
Data:
 [[0.25 0.55 1.  ]
 [0.5  0.1  2.  ]
 [0.7  0.15 2.  ]
 [0.75 0.95 1.  ]
 [0.9  0.3  2.  ]]

X:
 [[0.25 0.55]
 [0.5  0.1 ]
 [0.7  0.15]
 [0.75 0.95]
 [0.9  0.3 ]]

y:
 [1. 2. 2. 1. 2.]

======================================================
THEORY - PCA
Data:
 [[0.25 0.55 1.  ]
 [0.5  0.1  2.  ]
 [0.7  0.15 2.  ]
 [0.75 0.95 1.  ]
 [0.9  0.3  2.  ]]

X:
 [[0.25 0.55]
 [0.5  0.1 ]
 [0.7  0.15]
 [0.75 0.95]
 [0.9  0.3 ]]

y:
 [1. 2. 2. 1. 2.]

X_centerd:
 [[-0.37  0.14]
 [-0.12 -0.31]
 [ 0.08 -0.26]
 [ 0.13  0.54]
 [ 0.28 -0.11]]
cov_matrix:
 [[0.06325 0.001  ]
 [0.001   0.12175]]
eigenvalues:n [0.06323291 0.12176709]
eigenvectors:
 [[-0.99985401 -0.01708653]
 [ 0.01708653 -0.99985401]]

sorted_indices:
 [1 0]
sorted_values:
 [0.12176709 0.06323291]
sorted_vectors:
 [[-0.01708653 -0.99985401]
 [-0.99985401  0.01708653]]

Num Components: 2

largest_eigenvectors:
 [[-0.01708653 -0.99985401]
 [-0.99985401  0.01708653]]

z:
 [[-0.55419134 -0.24056591]
 [-0.10852867 -0.49821835]
 [-0.16193867 -0.69733483]
 [-0.96267621 -0.73365831]
 [-0.31533408 -0.89474265]]

X_centerd:
 [[-0.37  0.14]
 [-0.12 -0.31]
 [ 0.08 -0.26]
 [ 0.13  0.54]
 [ 0.28 -0.11]]
cov_matrix:
 [[0.06325 0.001  ]
 [0.001   0.12175]]
eigenvalues:n [0.06323291 0.12176709]
eigenvectors:
 [[-0.99985401 -0.01708653]
 [ 0.01708653 -0.99985401]]

sorted_indices:
 [1 0]
sorted_values:
 [0.12176709 0.06323291]
sorted_vectors:
 [[-0.01708653 -0.99985401]
 [-0.99985401  0.01708653]]

Num Components: 2

largest_eigenvectors:
 [[-0.01708653]
 [-0.99985401]]

z:
 [[-0.55419134]
 [-0.10852867]
 [-0.16193867]
 [-0.96267621]
 [-0.31533408]]

======================================================
THEORY - LDA
Data:
 [[0.25 0.55 1.  ]
 [0.5  0.1  2.  ]
 [0.7  0.15 2.  ]
 [0.75 0.95 1.  ]
 [0.9  0.3  2.  ]]

X:
 [[0.25 0.55]
 [0.5  0.1 ]
 [0.7  0.15]
 [0.75 0.95]
 [0.9  0.3 ]]

y:
 [1. 2. 2. 1. 2.]

c: 1.0

class_data:
 [[0.25 0.55]
 [0.75 0.95]]
class_mean:
 [0.5  0.75]
class_data - class_mean:
 [[-0.25 -0.2 ]
 [ 0.25  0.2 ]]

class_mean_centered.T:
 [[-0.25  0.25]
 [-0.2   0.2 ]]
class_mean_centered:
 [[-0.25 -0.2 ]
 [ 0.25  0.2 ]]
SW:
 [[0.125 0.1  ]
 [0.1   0.08 ]]

class_mean:
 [0.5  0.75]
overall_feature_mean:
 [0.62 0.41]
class_data - overall_feature_mean:
 [-0.12  0.34]
mean_diff reshaped:
 [[-0.12]
 [ 0.34]]

num_class_observations:
 2
mean_diff:
 [[-0.12]
 [ 0.34]]
mean_diff.T:
 [[-0.12  0.34]]
SB:
 [[ 0.0288 -0.0816]
 [-0.0816  0.2312]]

c: 2.0

class_data:
 [[0.5  0.1 ]
 [0.7  0.15]
 [0.9  0.3 ]]
class_mean:
 [0.7        0.18333333]
class_data - class_mean:
 [[-2.00000000e-01 -8.33333333e-02]
 [-1.11022302e-16 -3.33333333e-02]
 [ 2.00000000e-01  1.16666667e-01]]

class_mean_centered.T:
 [[-2.00000000e-01 -1.11022302e-16  2.00000000e-01]
 [-8.33333333e-02 -3.33333333e-02  1.16666667e-01]]
class_mean_centered:
 [[-2.00000000e-01 -8.33333333e-02]
 [-1.11022302e-16 -3.33333333e-02]
 [ 2.00000000e-01  1.16666667e-01]]
SW:
 [[0.205      0.14      ]
 [0.14       0.10166667]]

class_mean:
 [0.7        0.18333333]
overall_feature_mean:
 [0.62 0.41]
class_data - overall_feature_mean:
 [ 0.08       -0.22666667]
mean_diff reshaped:
 [[ 0.08      ]
 [-0.22666667]]

num_class_observations:
 3
mean_diff:
 [[ 0.08      ]
 [-0.22666667]]
mean_diff.T:
 [[ 0.08       -0.22666667]]
SB:
 [[ 0.048      -0.136     ]
 [-0.136       0.38533333]]


SW:
 [[0.205      0.14      ]
 [0.14       0.10166667]]
inv(SW):
 [[  81.87919463 -112.75167785]
 [-112.75167785  165.10067114]]
SB
 [[ 0.048      -0.136     ]
 [-0.136       0.38533333]]
A:
 [[ 19.26442953 -54.58255034]
 [-27.86577181  78.95302013]]

eigenvalues:
 [-1.42108547e-14  9.82174497e+01]
eigenvectors:
 [[-0.94299033  0.56866591]
 [-0.33282012 -0.82256859]]

sorted_indices:
 [1 0]
sorted_values:
 [ 9.82174497e+01 -1.42108547e-14]
sorted_vectors:
 [[ 0.56866591 -0.94299033]
 [-0.82256859 -0.33282012]]

largest_eigenvectors:
 [[ 0.56866591 -0.94299033]
 [-0.82256859 -0.33282012]]

z:
 [[-0.31024624 -0.41879865]
 [ 0.2020761  -0.50477718]
 [ 0.27468085 -0.71001625]
 [-0.35494072 -1.02342186]
 [ 0.26502875 -0.94853734]]

c: 1.0

class_data:
 [[0.25 0.55]
 [0.75 0.95]]
class_mean:
 [0.5  0.75]
class_data - class_mean:
 [[-0.25 -0.2 ]
 [ 0.25  0.2 ]]

class_mean_centered.T:
 [[-0.25  0.25]
 [-0.2   0.2 ]]
class_mean_centered:
 [[-0.25 -0.2 ]
 [ 0.25  0.2 ]]
SW:
 [[0.125 0.1  ]
 [0.1   0.08 ]]

class_mean:
 [0.5  0.75]
overall_feature_mean:
 [0.62 0.41]
class_data - overall_feature_mean:
 [-0.12  0.34]
mean_diff reshaped:
 [[-0.12]
 [ 0.34]]

num_class_observations:
 2
mean_diff:
 [[-0.12]
 [ 0.34]]
mean_diff.T:
 [[-0.12  0.34]]
SB:
 [[ 0.0288 -0.0816]
 [-0.0816  0.2312]]

c: 2.0

class_data:
 [[0.5  0.1 ]
 [0.7  0.15]
 [0.9  0.3 ]]
class_mean:
 [0.7        0.18333333]
class_data - class_mean:
 [[-2.00000000e-01 -8.33333333e-02]
 [-1.11022302e-16 -3.33333333e-02]
 [ 2.00000000e-01  1.16666667e-01]]

class_mean_centered.T:
 [[-2.00000000e-01 -1.11022302e-16  2.00000000e-01]
 [-8.33333333e-02 -3.33333333e-02  1.16666667e-01]]
class_mean_centered:
 [[-2.00000000e-01 -8.33333333e-02]
 [-1.11022302e-16 -3.33333333e-02]
 [ 2.00000000e-01  1.16666667e-01]]
SW:
 [[0.205      0.14      ]
 [0.14       0.10166667]]

class_mean:
 [0.7        0.18333333]
overall_feature_mean:
 [0.62 0.41]
class_data - overall_feature_mean:
 [ 0.08       -0.22666667]
mean_diff reshaped:
 [[ 0.08      ]
 [-0.22666667]]

num_class_observations:
 3
mean_diff:
 [[ 0.08      ]
 [-0.22666667]]
mean_diff.T:
 [[ 0.08       -0.22666667]]
SB:
 [[ 0.048      -0.136     ]
 [-0.136       0.38533333]]


SW:
 [[0.205      0.14      ]
 [0.14       0.10166667]]
inv(SW):
 [[  81.87919463 -112.75167785]
 [-112.75167785  165.10067114]]
SB
 [[ 0.048      -0.136     ]
 [-0.136       0.38533333]]
A:
 [[ 19.26442953 -54.58255034]
 [-27.86577181  78.95302013]]

eigenvalues:
 [-1.42108547e-14  9.82174497e+01]
eigenvectors:
 [[-0.94299033  0.56866591]
 [-0.33282012 -0.82256859]]

sorted_indices:
 [1 0]
sorted_values:
 [ 9.82174497e+01 -1.42108547e-14]
sorted_vectors:
 [[ 0.56866591 -0.94299033]
 [-0.82256859 -0.33282012]]

largest_eigenvectors:
 [[ 0.56866591]
 [-0.82256859]]

z:
 [[-0.31024624]
 [ 0.2020761 ]
 [ 0.27468085]
 [-0.35494072]
 [ 0.26502875]]
