Data:
 [[216.     5.68   0.  ]
 [ 69.     4.78   0.  ]
 [302.     2.31   1.  ]
 [ 60.     3.16   0.  ]
 [393.     4.2    1.  ]]

X:
 [[216.     5.68]
 [ 69.     4.78]
 [302.     2.31]
 [ 60.     3.16]
 [393.     4.2 ]]

y:
 [0. 0. 1. 0. 1.]

Means: [0.0, -4.3853809472693685e-16]

Std: [1.0, 0.9999999999999998]

Training Z:
 [[ 0.05509059  1.24771393]
 [-0.95719904  0.56878857]
 [ 0.64731446 -1.29448434]
 [-1.01917595 -0.65327706]
 [ 1.27396994  0.1312589 ]]

Class: 0.0
Observations:
 [[ 0.05509059  1.24771393]
 [-0.95719904  0.56878857]
 [-1.01917595 -0.65327706]]
Count: 3
Priors: 0.6
Means: [-0.64042813  0.38774181]
Vars: [0.36377001 0.92802513]

Class: 1.0
Observations:
 [[ 0.64731446 -1.29448434]
 [ 1.27396994  0.1312589 ]]
Count: 2
Priors: 0.4
Means: [ 0.9606422  -0.58161272]
Vars: [0.19634855 1.01637189]
