Data:
 [[-2.  1.]
 [-5. -4.]
 [-3.  1.]
 [ 0.  3.]
 [-8. 11.]
 [-2.  5.]
 [ 1.  0.]
 [ 5. -1.]
 [-1. -3.]
 [ 6.  1.]]

X:
 [[ 1. -2.]
 [ 1. -5.]
 [ 1. -3.]
 [ 1.  0.]
 [ 1. -8.]
 [ 1. -2.]
 [ 1.  1.]
 [ 1.  5.]
 [ 1. -1.]
 [ 1.  6.]]

y:
 [ 1. -4.  1.  3. 11.  5.  0. -1. -3.  1.]
Weights:
 [[ 1.02858919]
 [-0.41267868]]

y_hat:
 [[ 1.85394655  3.0919826   2.26662523  1.02858919  4.33001865  1.85394655
   0.6159105  -1.03480423  1.44126787 -1.44748291]]
y:
 [ 1. -4.  1.  3. 11.  5.  0. -1. -3.  1.]

RMSE: 3.7013259176662716
MAPE: 142.73053114282442
SMAPE: 1217.505844332752
