Data:
 [[-1. -1. -1.]
 [-1.  1. -1.]
 [ 1. -1.  1.]
 [ 1.  1.  1.]]

X:
 [[-1. -1.]
 [-1.  1.]
 [ 1. -1.]
 [ 1.  1.]]
y:
 [-1. -1.  1.  1.]
X_bias:
 [[ 1. -1. -1.]
 [ 1. -1.  1.]
 [ 1.  1. -1.]
 [ 1.  1.  1.]]

======================================================
SVM MODEL
Weights:
 [ 1.99220982e-05  1.00001613e+00 -6.50946918e-07]
Bias:
 0.0
Prediction:
 [-1. -1.  1.  1.]

======================================================
SVM SLIDES IN-CODE FORMULAS

num_observations: 4
num_features: 2

y_diagonal_array:
 [[-1.  0.  0.  0.]
 [ 0. -1.  0.  0.]
 [ 0.  0.  1.  0.]
 [ 0.  0.  0.  1.]]

First Term:
 [[-1.  1.  1.]
 [-1.  1. -1.]
 [ 1.  1. -1.]
 [ 1.  1.  1.]]
Second Term:
 [[-3. -1. -1.  1.]
 [-1. -3.  1. -1.]
 [ 1. -1.  3.  1.]
 [-1.  1.  1.  3.]]
Third Term:
 [[ 3.  1. -1.  1.]
 [ 1.  3.  1. -1.]
 [-1.  1.  3.  1.]
 [ 1. -1.  1.  3.]]
Full Term:
 [[ 0.1875  0.0625 -0.0625  0.0625]
 [ 0.0625  0.1875  0.0625 -0.0625]
 [-0.0625  0.0625  0.1875  0.0625]
 [ 0.0625 -0.0625  0.0625  0.1875]]

Full Term Size:
 4
Ones:
 [[1.]
 [1.]
 [1.]
 [1.]]

alpha ALL:
 [[ 0.75  0.25 -0.25  0.25]
 [ 0.25  0.75  0.25 -0.25]
 [-0.25  0.25  0.75  0.25]
 [ 0.25 -0.25  0.25  0.75]]

alpha OPPOSITE DIAG:
 [0.25 0.25 0.25 0.25]
weights:
 [0. 1. 0.]

Prediction:
 [-1. -1.  1.  1.]
