
THEORY - PCA
Data:
 [[-2.  1.  1.]
 [-5. -4.  1.]
 [-3.  1.  1.]
 [ 0.  3.  1.]
 [-8. 11.  1.]
 [-2.  5.  2.]
 [ 1.  0.  2.]
 [ 5. -1.  2.]
 [-1. -3.  2.]
 [ 6.  1.  2.]]

X:
 [[-2.  1.]
 [-5. -4.]
 [-3.  1.]
 [ 0.  3.]
 [-8. 11.]
 [-2.  5.]
 [ 1.  0.]
 [ 5. -1.]
 [-1. -3.]
 [ 6.  1.]]

y:
 [1. 1. 1. 1. 1. 2. 2. 2. 2. 2.]

Means: [-0.9, 1.4]

Std: [4.2282121254470875, 4.273952113286562]

X-Zscored:
 [[-0.26015724 -0.09359019]
 [-0.96967699 -1.2634676 ]
 [-0.49666382 -0.09359019]
 [ 0.21285592  0.37436077]
 [-1.67919674  2.24616461]
 [-0.26015724  0.84231173]
 [ 0.44936251 -0.32756567]
 [ 1.39538884 -0.56154115]
 [-0.02365066 -1.02949211]
 [ 1.63189542 -0.09359019]]
Mean X:
 [6.66133815e-17 1.94289029e-17]
X Centered:
 [[-0.26015724 -0.09359019]
 [-0.96967699 -1.2634676 ]
 [-0.49666382 -0.09359019]
 [ 0.21285592  0.37436077]
 [-1.67919674  2.24616461]
 [-0.26015724  0.84231173]
 [ 0.44936251 -0.32756567]
 [ 1.39538884 -0.56154115]
 [-0.02365066 -1.02949211]
 [ 1.63189542 -0.09359019]]
X Centered Transposed:
 [[-0.26015724 -0.96967699 -0.49666382  0.21285592 -1.67919674 -0.26015724
   0.44936251  1.39538884 -0.02365066  1.63189542]
 [-0.09359019 -1.2634676  -0.09359019  0.37436077  2.24616461  0.84231173
  -0.32756567 -0.56154115 -1.02949211 -0.09359019]]
Covariance Matrix:
 [[ 1.         -0.40826218]
 [-0.40826218  1.        ]]

Eigenvalues:
 [1.40826218 0.59173782]
Eigenvectors:
 [[ 0.70710678  0.70710678]
 [-0.70710678  0.70710678]]
Sorted Eigen Vectors:
 [[ 0.70710678  0.70710678]
 [-0.70710678  0.70710678]]

Eigenvectors:
 [[ 0.70710678]
 [-0.70710678]]

Z:
 [[-0.11778069]
 [ 0.20774133]
 [-0.2850161 ]
 [-0.11420117]
 [-2.77564963]
 [-0.77956329]
 [ 0.54937118]
 [ 1.38375847]
 [ 0.71123731]
 [ 1.22010258]]
